     403     354     588     991     187     860     165     123     927     744
     645     592     781     504     520     302     509     743     120     546
     277     501     955     878     449     983     398     930     130     187
     796     100     200     389     797     723     859     936     975     664
     250     812     997     193      83     956       2     527     415     121
     689      39     590     631     282     875     146     844     887     738
     152     755     945      99     135     399      24     687     127     917
      45     196     818     425      44     674     924     459      80     167
     273      54     929     280     916     198     315     672     716     886
     703     716     248     107     852     127     900     882     905      77
